9.940605384156205082e-312
9.940605138309139712e-312
9.941463835033904497e-312
9.939315256859037446e-312
0.000000000000000000e+00
nan
nan
0.000000000000000000e+00
3.785765190539303631e-270
0.000000000000000000e+00
4.446590812571218898e-323
9.941463835033904497e-312
9.939315265040764541e-312
nan
0.000000000000000000e+00
nan
0.000000000000000000e+00
9.930940301722415091e-312
3.557272650056975118e-322
5.434722104253711986e-323
9.941463835033904497e-312
9.939315275080178464e-312
1.482196937523739633e-323
4.940656458412465442e-323
nan
0.000000000000000000e+00
9.930940301722415091e-312
7.114545300113950236e-322
5.434722104253711986e-323
9.941463835033904497e-312
9.939315277056441048e-312
nan
1.284570679187241015e-322
nan
0.000000000000000000e+00
9.930940301722415091e-312
1.067181795017092535e-321
5.434722104253711986e-323
9.941463835033904497e-312
9.939315277471456190e-312
2.964393875047479265e-323
1.284570679187241015e-322
nan
0.000000000000000000e+00
9.930940301722415091e-312
1.422909060022790047e-321
5.434722104253711986e-323
9.941463835038845153e-312
9.939315277629557197e-312
0.000000000000000000e+00
9.881312916824930884e-323
nan
9.941463690411008646e-312
9.930940301722415091e-312
1.778636325028487559e-321
3.458459520888725809e-323
9.941463835038845153e-312
9.939315277965521836e-312
0.000000000000000000e+00
1.284570679187241015e-322
nan
9.941463690411008646e-312
4.940656458412465442e-324
9.941463835033904497e-312
0.000000000000000000e+00
0.000000000000000000e+00
0.000000000000000000e+00
0.000000000000000000e+00
0.000000000000000000e+00
0.000000000000000000e+00
0.000000000000000000e+00
0.000000000000000000e+00
0.000000000000000000e+00
9.941463835033904497e-312
0.000000000000000000e+00
0.000000000000000000e+00
0.000000000000000000e+00
0.000000000000000000e+00
0.000000000000000000e+00
0.000000000000000000e+00
0.000000000000000000e+00
0.000000000000000000e+00
0.000000000000000000e+00
0.000000000000000000e+00
0.000000000000000000e+00
0.000000000000000000e+00
0.000000000000000000e+00
0.000000000000000000e+00
0.000000000000000000e+00
9.941463835033904497e-312
0.000000000000000000e+00
2.134363590034185071e-321
9.881312916824930884e-324
9.941463835038845153e-312
9.939315277708607700e-312
0.000000000000000000e+00
1.284570679187241015e-322
nan
0.000000000000000000e+00
4.940656458412465442e-324
3.596797901724274842e-321
4.446590812571218898e-323
9.941463835043785810e-312
9.939315277965521836e-312
4.940656458412465442e-324
1.284570679187241015e-322
nan
9.941463690411008646e-312
4.940656458412465442e-324
9.941463835033904497e-312
0.000000000000000000e+00
0.000000000000000000e+00
0.000000000000000000e+00
0.000000000000000000e+00
0.000000000000000000e+00
0.000000000000000000e+00
0.000000000000000000e+00
0.000000000000000000e+00
0.000000000000000000e+00
9.941463835033904497e-312
0.000000000000000000e+00
0.000000000000000000e+00
0.000000000000000000e+00
0.000000000000000000e+00
0.000000000000000000e+00
0.000000000000000000e+00
0.000000000000000000e+00
0.000000000000000000e+00
0.000000000000000000e+00
0.000000000000000000e+00
0.000000000000000000e+00
0.000000000000000000e+00
0.000000000000000000e+00
0.000000000000000000e+00
0.000000000000000000e+00
9.941463835033904497e-312
9.941463835038845153e-312
3.952525166729972353e-321
9.881312916824930884e-324
9.941463835043785810e-312
9.939315277708607700e-312
0.000000000000000000e+00
1.284570679187241015e-322
nan
9.941463835033904497e-312
4.940656458412465442e-324
5.414959478420062124e-321
4.446590812571218898e-323
9.941463835048726466e-312
9.939315277965521836e-312
9.881312916824930884e-324
1.284570679187241015e-322
nan
9.941463690411008646e-312
9.930940301722415091e-312
9.941463835033904497e-312
0.000000000000000000e+00
0.000000000000000000e+00
0.000000000000000000e+00
0.000000000000000000e+00
0.000000000000000000e+00
0.000000000000000000e+00
0.000000000000000000e+00
0.000000000000000000e+00
0.000000000000000000e+00
9.941463835033904497e-312
0.000000000000000000e+00
0.000000000000000000e+00
0.000000000000000000e+00
0.000000000000000000e+00
0.000000000000000000e+00
0.000000000000000000e+00
0.000000000000000000e+00
0.000000000000000000e+00
0.000000000000000000e+00
0.000000000000000000e+00
0.000000000000000000e+00
0.000000000000000000e+00
0.000000000000000000e+00
0.000000000000000000e+00
0.000000000000000000e+00
9.941463835033904497e-312
9.941463835043785810e-312
5.770686743425759636e-321
9.881312916824930884e-324
9.941463835048726466e-312
9.939315277708607700e-312
0.000000000000000000e+00
1.284570679187241015e-322
nan
0.000000000000000000e+00
4.940656458412465442e-324
7.233121055115849407e-321
4.446590812571218898e-323
9.941463835053667123e-312
9.939315277965521836e-312
1.482196937523739633e-323
1.284570679187241015e-322
nan
9.941463690411008646e-312
nan
9.941463835033904497e-312
0.000000000000000000e+00
0.000000000000000000e+00
0.000000000000000000e+00
0.000000000000000000e+00
0.000000000000000000e+00
0.000000000000000000e+00
0.000000000000000000e+00
0.000000000000000000e+00
0.000000000000000000e+00
9.941463835033904497e-312
0.000000000000000000e+00
0.000000000000000000e+00
0.000000000000000000e+00
0.000000000000000000e+00
0.000000000000000000e+00
0.000000000000000000e+00
0.000000000000000000e+00
0.000000000000000000e+00
0.000000000000000000e+00
0.000000000000000000e+00
0.000000000000000000e+00
0.000000000000000000e+00
0.000000000000000000e+00
0.000000000000000000e+00
0.000000000000000000e+00
9.941463835033904497e-312
9.941463835048726466e-312
7.588848320121546919e-321
9.881312916824930884e-324
9.941463835053667123e-312
9.939315277708607700e-312
0.000000000000000000e+00
1.284570679187241015e-322
nan
8.102676591796443324e-321
4.940656458412465442e-324
9.051282631811636689e-321
4.446590812571218898e-323
9.941463835058607779e-312
9.939315277965521836e-312
1.976262583364986177e-323
1.284570679187241015e-322
nan
9.941463690411008646e-312
4.940656458412465442e-324
9.407009896817334201e-321
1.482196937523739633e-323
9.941463835058607779e-312
9.939315294447551781e-312
0.000000000000000000e+00
0.000000000000000000e+00
0.000000000000000000e+00
0.000000000000000000e+00
4.940656458412465442e-324
0.000000000000000000e+00
9.941463835033904497e-312
0.000000000000000000e+00
0.000000000000000000e+00
0.000000000000000000e+00
0.000000000000000000e+00
0.000000000000000000e+00
0.000000000000000000e+00
0.000000000000000000e+00
0.000000000000000000e+00
0.000000000000000000e+00
0.000000000000000000e+00
0.000000000000000000e+00
0.000000000000000000e+00
0.000000000000000000e+00
0.000000000000000000e+00
0.000000000000000000e+00
9.941463835033904497e-312
9.941463835053667123e-312
9.407009896817334201e-321
9.881312916824930884e-324
9.941463835053667123e-312
9.939315277708607700e-312
nan
1.284570679187241015e-322
nan
0.000000000000000000e+00
4.940656458412465442e-324
1.086944420850742397e-320
4.446590812571218898e-323
9.941463835058607779e-312
9.939315277846946081e-312
0.000000000000000000e+00
0.000000000000000000e+00
0.000000000000000000e+00
0.000000000000000000e+00
4.940656458412465442e-324
0.000000000000000000e+00
0.000000000000000000e+00
0.000000000000000000e+00
0.000000000000000000e+00
0.000000000000000000e+00
0.000000000000000000e+00
0.000000000000000000e+00
0.000000000000000000e+00
0.000000000000000000e+00
0.000000000000000000e+00
0.000000000000000000e+00
0.000000000000000000e+00
1.875212820798647153e-304
9.940548561547701126e-312
9.940589942588984708e-312
0.000000000000000000e+00
0.000000000000000000e+00
0.000000000000000000e+00
0.000000000000000000e+00
0.000000000000000000e+00
0.000000000000000000e+00
0.000000000000000000e+00
0.000000000000000000e+00
0.000000000000000000e+00
0.000000000000000000e+00
0.000000000000000000e+00
0.000000000000000000e+00
0.000000000000000000e+00
0.000000000000000000e+00
0.000000000000000000e+00
0.000000000000000000e+00
0.000000000000000000e+00
0.000000000000000000e+00
0.000000000000000000e+00
0.000000000000000000e+00
0.000000000000000000e+00
0.000000000000000000e+00
0.000000000000000000e+00
0.000000000000000000e+00
0.000000000000000000e+00
0.000000000000000000e+00
0.000000000000000000e+00
0.000000000000000000e+00
0.000000000000000000e+00
0.000000000000000000e+00
0.000000000000000000e+00
0.000000000000000000e+00
0.000000000000000000e+00
0.000000000000000000e+00
0.000000000000000000e+00
0.000000000000000000e+00
0.000000000000000000e+00
0.000000000000000000e+00
0.000000000000000000e+00
0.000000000000000000e+00
0.000000000000000000e+00
0.000000000000000000e+00
0.000000000000000000e+00
0.000000000000000000e+00
0.000000000000000000e+00
0.000000000000000000e+00
0.000000000000000000e+00
0.000000000000000000e+00
0.000000000000000000e+00
0.000000000000000000e+00
0.000000000000000000e+00
0.000000000000000000e+00
0.000000000000000000e+00
0.000000000000000000e+00
0.000000000000000000e+00
0.000000000000000000e+00
0.000000000000000000e+00
0.000000000000000000e+00
0.000000000000000000e+00
0.000000000000000000e+00
0.000000000000000000e+00
0.000000000000000000e+00
0.000000000000000000e+00
0.000000000000000000e+00
0.000000000000000000e+00
0.000000000000000000e+00
0.000000000000000000e+00
0.000000000000000000e+00
0.000000000000000000e+00
0.000000000000000000e+00
0.000000000000000000e+00
0.000000000000000000e+00
0.000000000000000000e+00
0.000000000000000000e+00
0.000000000000000000e+00
0.000000000000000000e+00
0.000000000000000000e+00
0.000000000000000000e+00
0.000000000000000000e+00
0.000000000000000000e+00
0.000000000000000000e+00
0.000000000000000000e+00
0.000000000000000000e+00
0.000000000000000000e+00
0.000000000000000000e+00
0.000000000000000000e+00
0.000000000000000000e+00
0.000000000000000000e+00
0.000000000000000000e+00
0.000000000000000000e+00
0.000000000000000000e+00
0.000000000000000000e+00
0.000000000000000000e+00
0.000000000000000000e+00
0.000000000000000000e+00
0.000000000000000000e+00
0.000000000000000000e+00
0.000000000000000000e+00
0.000000000000000000e+00
0.000000000000000000e+00
0.000000000000000000e+00
0.000000000000000000e+00
0.000000000000000000e+00
0.000000000000000000e+00
0.000000000000000000e+00
0.000000000000000000e+00
0.000000000000000000e+00
0.000000000000000000e+00
0.000000000000000000e+00
0.000000000000000000e+00
0.000000000000000000e+00
0.000000000000000000e+00
0.000000000000000000e+00
0.000000000000000000e+00
0.000000000000000000e+00
0.000000000000000000e+00
